{
 "cells": [
  {
   "cell_type": "markdown",
   "metadata": {},
   "source": [
    "# Crude Oil Future\n"
   ]
  },
  {
   "cell_type": "code",
   "execution_count": 1,
   "metadata": {},
   "outputs": [
    {
     "name": "stderr",
     "output_type": "stream",
     "text": [
      "/home/sumin/.virtualenvs/finance/lib/python3.6/site-packages/pandas_datareader/compat/__init__.py:7: FutureWarning: pandas.util.testing is deprecated. Use the functions in the public API at pandas.testing instead.\n",
      "  from pandas.util.testing import assert_frame_equal\n"
     ]
    }
   ],
   "source": [
    "from datetime import datetime\n",
    "from pandas_datareader import DataReader"
   ]
  },
  {
   "cell_type": "code",
   "execution_count": 2,
   "metadata": {},
   "outputs": [],
   "source": [
    "end = datetime.now()\n",
    "start = datetime(end.year - 1, end.month, end.day)\n",
    "provider = \"yahoo\""
   ]
  },
  {
   "cell_type": "code",
   "execution_count": 19,
   "metadata": {},
   "outputs": [
    {
     "name": "stdout",
     "output_type": "stream",
     "text": [
      "Fetching USO...\n",
      "Fetching UWT...\n",
      "Fetching UCO...\n",
      "Fetching DBO...\n",
      "Fetching DWT...\n",
      "Fetching OILU...\n",
      "Fetching OIL...\n",
      "Fetching SCO...\n",
      "Fetching USL...\n",
      "Fetching OILD...\n",
      "Fetching DTO...\n",
      "Fetching WTIU...\n",
      "Fetching OILK...\n",
      "Fetching UWTIF...\n",
      "Fetching WTID...\n",
      "Fetching DWTIF...\n",
      "Fetching OILX...\n",
      "Fetching OLEM...\n"
     ]
    }
   ],
   "source": [
    "symbols = [\n",
    "    \"USO\", \"UWT\", \"UCO\", \"DBO\", \"DWT\",\n",
    "    \"OILU\", \"OIL\", \"SCO\", \"USL\", \"OILD\",\n",
    "    \"DTO\", \"WTIU\", \"OILK\", \"UWTIF\", \"WTID\",\n",
    "    \"DWTIF\", \"OILX\", \"OLEM\"]\n",
    "\n",
    "data_clf = DataReader(\"CL=F\", provider, start, end)\n",
    "\n",
    "g = globals()\n",
    "for symbol in symbols:\n",
    "    print(f\"Fetching {symbol}...\")\n",
    "    g[f\"data_{symbol.lower()}\"] = DataReader(symbol, provider, start, end)"
   ]
  },
  {
   "cell_type": "code",
   "execution_count": 24,
   "metadata": {},
   "outputs": [],
   "source": [
    "data = data_clf[[\"Adj Close\"]]\n",
    "data = data.rename(columns={\"Adj Close\": \"CL=F\"})\n",
    "for symbol in symbols:\n",
    "    data_for_symbol = g[f\"data_{symbol.lower()}\"]\n",
    "    data[symbol] = data_for_symbol[\"Adj Close\"]"
   ]
  },
  {
   "cell_type": "code",
   "execution_count": 25,
   "metadata": {},
   "outputs": [
    {
     "data": {
      "text/html": [
       "<div>\n",
       "<style scoped>\n",
       "    .dataframe tbody tr th:only-of-type {\n",
       "        vertical-align: middle;\n",
       "    }\n",
       "\n",
       "    .dataframe tbody tr th {\n",
       "        vertical-align: top;\n",
       "    }\n",
       "\n",
       "    .dataframe thead th {\n",
       "        text-align: right;\n",
       "    }\n",
       "</style>\n",
       "<table border=\"1\" class=\"dataframe\">\n",
       "  <thead>\n",
       "    <tr style=\"text-align: right;\">\n",
       "      <th></th>\n",
       "      <th>CL=F</th>\n",
       "      <th>USO</th>\n",
       "      <th>UWT</th>\n",
       "      <th>UCO</th>\n",
       "      <th>DBO</th>\n",
       "      <th>DWT</th>\n",
       "      <th>OILU</th>\n",
       "      <th>OIL</th>\n",
       "      <th>SCO</th>\n",
       "      <th>USL</th>\n",
       "      <th>OILD</th>\n",
       "      <th>DTO</th>\n",
       "      <th>WTIU</th>\n",
       "      <th>OILK</th>\n",
       "      <th>UWTIF</th>\n",
       "      <th>WTID</th>\n",
       "      <th>DWTIF</th>\n",
       "      <th>OILX</th>\n",
       "      <th>OLEM</th>\n",
       "    </tr>\n",
       "  </thead>\n",
       "  <tbody>\n",
       "    <tr>\n",
       "      <th>CL=F</th>\n",
       "      <td>1.000000</td>\n",
       "      <td>0.988831</td>\n",
       "      <td>0.903530</td>\n",
       "      <td>0.973318</td>\n",
       "      <td>0.977062</td>\n",
       "      <td>-0.659168</td>\n",
       "      <td>0.909637</td>\n",
       "      <td>0.991017</td>\n",
       "      <td>-0.788153</td>\n",
       "      <td>0.971320</td>\n",
       "      <td>-0.633230</td>\n",
       "      <td>-0.913257</td>\n",
       "      <td>0.910353</td>\n",
       "      <td>0.989557</td>\n",
       "      <td>0.785711</td>\n",
       "      <td>-0.633067</td>\n",
       "      <td>-0.666671</td>\n",
       "      <td>0.982068</td>\n",
       "      <td>0.970002</td>\n",
       "    </tr>\n",
       "    <tr>\n",
       "      <th>USO</th>\n",
       "      <td>0.988831</td>\n",
       "      <td>1.000000</td>\n",
       "      <td>0.892188</td>\n",
       "      <td>0.972696</td>\n",
       "      <td>0.986723</td>\n",
       "      <td>-0.709401</td>\n",
       "      <td>0.899117</td>\n",
       "      <td>0.999736</td>\n",
       "      <td>-0.831110</td>\n",
       "      <td>0.986125</td>\n",
       "      <td>-0.683267</td>\n",
       "      <td>-0.941193</td>\n",
       "      <td>0.899576</td>\n",
       "      <td>0.999598</td>\n",
       "      <td>0.770069</td>\n",
       "      <td>-0.683712</td>\n",
       "      <td>-0.712699</td>\n",
       "      <td>0.992955</td>\n",
       "      <td>0.985326</td>\n",
       "    </tr>\n",
       "    <tr>\n",
       "      <th>UWT</th>\n",
       "      <td>0.903530</td>\n",
       "      <td>0.892188</td>\n",
       "      <td>1.000000</td>\n",
       "      <td>0.972290</td>\n",
       "      <td>0.879419</td>\n",
       "      <td>-0.350746</td>\n",
       "      <td>0.999709</td>\n",
       "      <td>0.894998</td>\n",
       "      <td>-0.510215</td>\n",
       "      <td>0.887104</td>\n",
       "      <td>-0.320680</td>\n",
       "      <td>-0.714681</td>\n",
       "      <td>0.999645</td>\n",
       "      <td>0.901751</td>\n",
       "      <td>0.963088</td>\n",
       "      <td>-0.321487</td>\n",
       "      <td>-0.357088</td>\n",
       "      <td>0.894312</td>\n",
       "      <td>0.858667</td>\n",
       "    </tr>\n",
       "    <tr>\n",
       "      <th>UCO</th>\n",
       "      <td>0.973318</td>\n",
       "      <td>0.972696</td>\n",
       "      <td>0.972290</td>\n",
       "      <td>1.000000</td>\n",
       "      <td>0.961358</td>\n",
       "      <td>-0.543082</td>\n",
       "      <td>0.975917</td>\n",
       "      <td>0.974150</td>\n",
       "      <td>-0.688389</td>\n",
       "      <td>0.963456</td>\n",
       "      <td>-0.514451</td>\n",
       "      <td>-0.849412</td>\n",
       "      <td>0.976151</td>\n",
       "      <td>0.977437</td>\n",
       "      <td>0.891101</td>\n",
       "      <td>-0.515090</td>\n",
       "      <td>-0.548414</td>\n",
       "      <td>0.970379</td>\n",
       "      <td>0.948602</td>\n",
       "    </tr>\n",
       "    <tr>\n",
       "      <th>DBO</th>\n",
       "      <td>0.977062</td>\n",
       "      <td>0.986723</td>\n",
       "      <td>0.879419</td>\n",
       "      <td>0.961358</td>\n",
       "      <td>1.000000</td>\n",
       "      <td>-0.704607</td>\n",
       "      <td>0.888121</td>\n",
       "      <td>0.987318</td>\n",
       "      <td>-0.823111</td>\n",
       "      <td>0.988433</td>\n",
       "      <td>-0.682191</td>\n",
       "      <td>-0.912740</td>\n",
       "      <td>0.888669</td>\n",
       "      <td>0.986677</td>\n",
       "      <td>0.755712</td>\n",
       "      <td>-0.682624</td>\n",
       "      <td>-0.710449</td>\n",
       "      <td>0.977226</td>\n",
       "      <td>0.985364</td>\n",
       "    </tr>\n",
       "    <tr>\n",
       "      <th>DWT</th>\n",
       "      <td>-0.659168</td>\n",
       "      <td>-0.709401</td>\n",
       "      <td>-0.350746</td>\n",
       "      <td>-0.543082</td>\n",
       "      <td>-0.704607</td>\n",
       "      <td>1.000000</td>\n",
       "      <td>-0.367019</td>\n",
       "      <td>-0.703597</td>\n",
       "      <td>0.979439</td>\n",
       "      <td>-0.713464</td>\n",
       "      <td>0.998807</td>\n",
       "      <td>0.839776</td>\n",
       "      <td>-0.367724</td>\n",
       "      <td>-0.693646</td>\n",
       "      <td>-0.141051</td>\n",
       "      <td>0.998786</td>\n",
       "      <td>0.987122</td>\n",
       "      <td>-0.682424</td>\n",
       "      <td>-0.746968</td>\n",
       "    </tr>\n",
       "    <tr>\n",
       "      <th>OILU</th>\n",
       "      <td>0.909637</td>\n",
       "      <td>0.899117</td>\n",
       "      <td>0.999709</td>\n",
       "      <td>0.975917</td>\n",
       "      <td>0.888121</td>\n",
       "      <td>-0.367019</td>\n",
       "      <td>1.000000</td>\n",
       "      <td>0.901890</td>\n",
       "      <td>-0.525058</td>\n",
       "      <td>0.895687</td>\n",
       "      <td>-0.337572</td>\n",
       "      <td>-0.723920</td>\n",
       "      <td>0.999978</td>\n",
       "      <td>0.908256</td>\n",
       "      <td>0.959598</td>\n",
       "      <td>-0.338375</td>\n",
       "      <td>-0.373372</td>\n",
       "      <td>0.900798</td>\n",
       "      <td>0.867978</td>\n",
       "    </tr>\n",
       "    <tr>\n",
       "      <th>OIL</th>\n",
       "      <td>0.991017</td>\n",
       "      <td>0.999736</td>\n",
       "      <td>0.894998</td>\n",
       "      <td>0.974150</td>\n",
       "      <td>0.987318</td>\n",
       "      <td>-0.703597</td>\n",
       "      <td>0.901890</td>\n",
       "      <td>1.000000</td>\n",
       "      <td>-0.826364</td>\n",
       "      <td>0.985827</td>\n",
       "      <td>-0.677584</td>\n",
       "      <td>-0.937719</td>\n",
       "      <td>0.902407</td>\n",
       "      <td>0.999553</td>\n",
       "      <td>0.773585</td>\n",
       "      <td>-0.677951</td>\n",
       "      <td>-0.707528</td>\n",
       "      <td>0.992596</td>\n",
       "      <td>0.984882</td>\n",
       "    </tr>\n",
       "    <tr>\n",
       "      <th>SCO</th>\n",
       "      <td>-0.788153</td>\n",
       "      <td>-0.831110</td>\n",
       "      <td>-0.510215</td>\n",
       "      <td>-0.688389</td>\n",
       "      <td>-0.823111</td>\n",
       "      <td>0.979439</td>\n",
       "      <td>-0.525058</td>\n",
       "      <td>-0.826364</td>\n",
       "      <td>1.000000</td>\n",
       "      <td>-0.829139</td>\n",
       "      <td>0.970585</td>\n",
       "      <td>0.926089</td>\n",
       "      <td>-0.525816</td>\n",
       "      <td>-0.818345</td>\n",
       "      <td>-0.313739</td>\n",
       "      <td>0.970715</td>\n",
       "      <td>0.972040</td>\n",
       "      <td>-0.809611</td>\n",
       "      <td>-0.857165</td>\n",
       "    </tr>\n",
       "    <tr>\n",
       "      <th>USL</th>\n",
       "      <td>0.971320</td>\n",
       "      <td>0.986125</td>\n",
       "      <td>0.887104</td>\n",
       "      <td>0.963456</td>\n",
       "      <td>0.988433</td>\n",
       "      <td>-0.713464</td>\n",
       "      <td>0.895687</td>\n",
       "      <td>0.985827</td>\n",
       "      <td>-0.829139</td>\n",
       "      <td>1.000000</td>\n",
       "      <td>-0.691171</td>\n",
       "      <td>-0.928125</td>\n",
       "      <td>0.896198</td>\n",
       "      <td>0.985098</td>\n",
       "      <td>0.767395</td>\n",
       "      <td>-0.691734</td>\n",
       "      <td>-0.721159</td>\n",
       "      <td>0.977465</td>\n",
       "      <td>0.992149</td>\n",
       "    </tr>\n",
       "    <tr>\n",
       "      <th>OILD</th>\n",
       "      <td>-0.633230</td>\n",
       "      <td>-0.683267</td>\n",
       "      <td>-0.320680</td>\n",
       "      <td>-0.514451</td>\n",
       "      <td>-0.682191</td>\n",
       "      <td>0.998807</td>\n",
       "      <td>-0.337572</td>\n",
       "      <td>-0.677584</td>\n",
       "      <td>0.970585</td>\n",
       "      <td>-0.691171</td>\n",
       "      <td>1.000000</td>\n",
       "      <td>0.816081</td>\n",
       "      <td>-0.338323</td>\n",
       "      <td>-0.666962</td>\n",
       "      <td>-0.109774</td>\n",
       "      <td>0.999945</td>\n",
       "      <td>0.985416</td>\n",
       "      <td>-0.655274</td>\n",
       "      <td>-0.725169</td>\n",
       "    </tr>\n",
       "    <tr>\n",
       "      <th>DTO</th>\n",
       "      <td>-0.913257</td>\n",
       "      <td>-0.941193</td>\n",
       "      <td>-0.714681</td>\n",
       "      <td>-0.849412</td>\n",
       "      <td>-0.912740</td>\n",
       "      <td>0.839776</td>\n",
       "      <td>-0.723920</td>\n",
       "      <td>-0.937719</td>\n",
       "      <td>0.926089</td>\n",
       "      <td>-0.928125</td>\n",
       "      <td>0.816081</td>\n",
       "      <td>1.000000</td>\n",
       "      <td>-0.724546</td>\n",
       "      <td>-0.933796</td>\n",
       "      <td>-0.557120</td>\n",
       "      <td>0.816276</td>\n",
       "      <td>0.843382</td>\n",
       "      <td>-0.931593</td>\n",
       "      <td>-0.940412</td>\n",
       "    </tr>\n",
       "    <tr>\n",
       "      <th>WTIU</th>\n",
       "      <td>0.910353</td>\n",
       "      <td>0.899576</td>\n",
       "      <td>0.999645</td>\n",
       "      <td>0.976151</td>\n",
       "      <td>0.888669</td>\n",
       "      <td>-0.367724</td>\n",
       "      <td>0.999978</td>\n",
       "      <td>0.902407</td>\n",
       "      <td>-0.525816</td>\n",
       "      <td>0.896198</td>\n",
       "      <td>-0.338323</td>\n",
       "      <td>-0.724546</td>\n",
       "      <td>1.000000</td>\n",
       "      <td>0.908681</td>\n",
       "      <td>0.959500</td>\n",
       "      <td>-0.339125</td>\n",
       "      <td>-0.374190</td>\n",
       "      <td>0.901400</td>\n",
       "      <td>0.868681</td>\n",
       "    </tr>\n",
       "    <tr>\n",
       "      <th>OILK</th>\n",
       "      <td>0.989557</td>\n",
       "      <td>0.999598</td>\n",
       "      <td>0.901751</td>\n",
       "      <td>0.977437</td>\n",
       "      <td>0.986677</td>\n",
       "      <td>-0.693646</td>\n",
       "      <td>0.908256</td>\n",
       "      <td>0.999553</td>\n",
       "      <td>-0.818345</td>\n",
       "      <td>0.985098</td>\n",
       "      <td>-0.666962</td>\n",
       "      <td>-0.933796</td>\n",
       "      <td>0.908681</td>\n",
       "      <td>1.000000</td>\n",
       "      <td>0.783018</td>\n",
       "      <td>-0.667453</td>\n",
       "      <td>-0.696860</td>\n",
       "      <td>0.992792</td>\n",
       "      <td>0.983142</td>\n",
       "    </tr>\n",
       "    <tr>\n",
       "      <th>UWTIF</th>\n",
       "      <td>0.785711</td>\n",
       "      <td>0.770069</td>\n",
       "      <td>0.963088</td>\n",
       "      <td>0.891101</td>\n",
       "      <td>0.755712</td>\n",
       "      <td>-0.141051</td>\n",
       "      <td>0.959598</td>\n",
       "      <td>0.773585</td>\n",
       "      <td>-0.313739</td>\n",
       "      <td>0.767395</td>\n",
       "      <td>-0.109774</td>\n",
       "      <td>-0.557120</td>\n",
       "      <td>0.959500</td>\n",
       "      <td>0.783018</td>\n",
       "      <td>1.000000</td>\n",
       "      <td>-0.111053</td>\n",
       "      <td>-0.150624</td>\n",
       "      <td>0.783107</td>\n",
       "      <td>0.733098</td>\n",
       "    </tr>\n",
       "    <tr>\n",
       "      <th>WTID</th>\n",
       "      <td>-0.633067</td>\n",
       "      <td>-0.683712</td>\n",
       "      <td>-0.321487</td>\n",
       "      <td>-0.515090</td>\n",
       "      <td>-0.682624</td>\n",
       "      <td>0.998786</td>\n",
       "      <td>-0.338375</td>\n",
       "      <td>-0.677951</td>\n",
       "      <td>0.970715</td>\n",
       "      <td>-0.691734</td>\n",
       "      <td>0.999945</td>\n",
       "      <td>0.816276</td>\n",
       "      <td>-0.339125</td>\n",
       "      <td>-0.667453</td>\n",
       "      <td>-0.111053</td>\n",
       "      <td>1.000000</td>\n",
       "      <td>0.984981</td>\n",
       "      <td>-0.655842</td>\n",
       "      <td>-0.725655</td>\n",
       "    </tr>\n",
       "    <tr>\n",
       "      <th>DWTIF</th>\n",
       "      <td>-0.666671</td>\n",
       "      <td>-0.712699</td>\n",
       "      <td>-0.357088</td>\n",
       "      <td>-0.548414</td>\n",
       "      <td>-0.710449</td>\n",
       "      <td>0.987122</td>\n",
       "      <td>-0.373372</td>\n",
       "      <td>-0.707528</td>\n",
       "      <td>0.972040</td>\n",
       "      <td>-0.721159</td>\n",
       "      <td>0.985416</td>\n",
       "      <td>0.843382</td>\n",
       "      <td>-0.374190</td>\n",
       "      <td>-0.696860</td>\n",
       "      <td>-0.150624</td>\n",
       "      <td>0.984981</td>\n",
       "      <td>1.000000</td>\n",
       "      <td>-0.688397</td>\n",
       "      <td>-0.756521</td>\n",
       "    </tr>\n",
       "    <tr>\n",
       "      <th>OILX</th>\n",
       "      <td>0.982068</td>\n",
       "      <td>0.992955</td>\n",
       "      <td>0.894312</td>\n",
       "      <td>0.970379</td>\n",
       "      <td>0.977226</td>\n",
       "      <td>-0.682424</td>\n",
       "      <td>0.900798</td>\n",
       "      <td>0.992596</td>\n",
       "      <td>-0.809611</td>\n",
       "      <td>0.977465</td>\n",
       "      <td>-0.655274</td>\n",
       "      <td>-0.931593</td>\n",
       "      <td>0.901400</td>\n",
       "      <td>0.992792</td>\n",
       "      <td>0.783107</td>\n",
       "      <td>-0.655842</td>\n",
       "      <td>-0.688397</td>\n",
       "      <td>1.000000</td>\n",
       "      <td>0.978275</td>\n",
       "    </tr>\n",
       "    <tr>\n",
       "      <th>OLEM</th>\n",
       "      <td>0.970002</td>\n",
       "      <td>0.985326</td>\n",
       "      <td>0.858667</td>\n",
       "      <td>0.948602</td>\n",
       "      <td>0.985364</td>\n",
       "      <td>-0.746968</td>\n",
       "      <td>0.867978</td>\n",
       "      <td>0.984882</td>\n",
       "      <td>-0.857165</td>\n",
       "      <td>0.992149</td>\n",
       "      <td>-0.725169</td>\n",
       "      <td>-0.940412</td>\n",
       "      <td>0.868681</td>\n",
       "      <td>0.983142</td>\n",
       "      <td>0.733098</td>\n",
       "      <td>-0.725655</td>\n",
       "      <td>-0.756521</td>\n",
       "      <td>0.978275</td>\n",
       "      <td>1.000000</td>\n",
       "    </tr>\n",
       "  </tbody>\n",
       "</table>\n",
       "</div>"
      ],
      "text/plain": [
       "           CL=F       USO       UWT       UCO       DBO       DWT      OILU  \\\n",
       "CL=F   1.000000  0.988831  0.903530  0.973318  0.977062 -0.659168  0.909637   \n",
       "USO    0.988831  1.000000  0.892188  0.972696  0.986723 -0.709401  0.899117   \n",
       "UWT    0.903530  0.892188  1.000000  0.972290  0.879419 -0.350746  0.999709   \n",
       "UCO    0.973318  0.972696  0.972290  1.000000  0.961358 -0.543082  0.975917   \n",
       "DBO    0.977062  0.986723  0.879419  0.961358  1.000000 -0.704607  0.888121   \n",
       "DWT   -0.659168 -0.709401 -0.350746 -0.543082 -0.704607  1.000000 -0.367019   \n",
       "OILU   0.909637  0.899117  0.999709  0.975917  0.888121 -0.367019  1.000000   \n",
       "OIL    0.991017  0.999736  0.894998  0.974150  0.987318 -0.703597  0.901890   \n",
       "SCO   -0.788153 -0.831110 -0.510215 -0.688389 -0.823111  0.979439 -0.525058   \n",
       "USL    0.971320  0.986125  0.887104  0.963456  0.988433 -0.713464  0.895687   \n",
       "OILD  -0.633230 -0.683267 -0.320680 -0.514451 -0.682191  0.998807 -0.337572   \n",
       "DTO   -0.913257 -0.941193 -0.714681 -0.849412 -0.912740  0.839776 -0.723920   \n",
       "WTIU   0.910353  0.899576  0.999645  0.976151  0.888669 -0.367724  0.999978   \n",
       "OILK   0.989557  0.999598  0.901751  0.977437  0.986677 -0.693646  0.908256   \n",
       "UWTIF  0.785711  0.770069  0.963088  0.891101  0.755712 -0.141051  0.959598   \n",
       "WTID  -0.633067 -0.683712 -0.321487 -0.515090 -0.682624  0.998786 -0.338375   \n",
       "DWTIF -0.666671 -0.712699 -0.357088 -0.548414 -0.710449  0.987122 -0.373372   \n",
       "OILX   0.982068  0.992955  0.894312  0.970379  0.977226 -0.682424  0.900798   \n",
       "OLEM   0.970002  0.985326  0.858667  0.948602  0.985364 -0.746968  0.867978   \n",
       "\n",
       "            OIL       SCO       USL      OILD       DTO      WTIU      OILK  \\\n",
       "CL=F   0.991017 -0.788153  0.971320 -0.633230 -0.913257  0.910353  0.989557   \n",
       "USO    0.999736 -0.831110  0.986125 -0.683267 -0.941193  0.899576  0.999598   \n",
       "UWT    0.894998 -0.510215  0.887104 -0.320680 -0.714681  0.999645  0.901751   \n",
       "UCO    0.974150 -0.688389  0.963456 -0.514451 -0.849412  0.976151  0.977437   \n",
       "DBO    0.987318 -0.823111  0.988433 -0.682191 -0.912740  0.888669  0.986677   \n",
       "DWT   -0.703597  0.979439 -0.713464  0.998807  0.839776 -0.367724 -0.693646   \n",
       "OILU   0.901890 -0.525058  0.895687 -0.337572 -0.723920  0.999978  0.908256   \n",
       "OIL    1.000000 -0.826364  0.985827 -0.677584 -0.937719  0.902407  0.999553   \n",
       "SCO   -0.826364  1.000000 -0.829139  0.970585  0.926089 -0.525816 -0.818345   \n",
       "USL    0.985827 -0.829139  1.000000 -0.691171 -0.928125  0.896198  0.985098   \n",
       "OILD  -0.677584  0.970585 -0.691171  1.000000  0.816081 -0.338323 -0.666962   \n",
       "DTO   -0.937719  0.926089 -0.928125  0.816081  1.000000 -0.724546 -0.933796   \n",
       "WTIU   0.902407 -0.525816  0.896198 -0.338323 -0.724546  1.000000  0.908681   \n",
       "OILK   0.999553 -0.818345  0.985098 -0.666962 -0.933796  0.908681  1.000000   \n",
       "UWTIF  0.773585 -0.313739  0.767395 -0.109774 -0.557120  0.959500  0.783018   \n",
       "WTID  -0.677951  0.970715 -0.691734  0.999945  0.816276 -0.339125 -0.667453   \n",
       "DWTIF -0.707528  0.972040 -0.721159  0.985416  0.843382 -0.374190 -0.696860   \n",
       "OILX   0.992596 -0.809611  0.977465 -0.655274 -0.931593  0.901400  0.992792   \n",
       "OLEM   0.984882 -0.857165  0.992149 -0.725169 -0.940412  0.868681  0.983142   \n",
       "\n",
       "          UWTIF      WTID     DWTIF      OILX      OLEM  \n",
       "CL=F   0.785711 -0.633067 -0.666671  0.982068  0.970002  \n",
       "USO    0.770069 -0.683712 -0.712699  0.992955  0.985326  \n",
       "UWT    0.963088 -0.321487 -0.357088  0.894312  0.858667  \n",
       "UCO    0.891101 -0.515090 -0.548414  0.970379  0.948602  \n",
       "DBO    0.755712 -0.682624 -0.710449  0.977226  0.985364  \n",
       "DWT   -0.141051  0.998786  0.987122 -0.682424 -0.746968  \n",
       "OILU   0.959598 -0.338375 -0.373372  0.900798  0.867978  \n",
       "OIL    0.773585 -0.677951 -0.707528  0.992596  0.984882  \n",
       "SCO   -0.313739  0.970715  0.972040 -0.809611 -0.857165  \n",
       "USL    0.767395 -0.691734 -0.721159  0.977465  0.992149  \n",
       "OILD  -0.109774  0.999945  0.985416 -0.655274 -0.725169  \n",
       "DTO   -0.557120  0.816276  0.843382 -0.931593 -0.940412  \n",
       "WTIU   0.959500 -0.339125 -0.374190  0.901400  0.868681  \n",
       "OILK   0.783018 -0.667453 -0.696860  0.992792  0.983142  \n",
       "UWTIF  1.000000 -0.111053 -0.150624  0.783107  0.733098  \n",
       "WTID  -0.111053  1.000000  0.984981 -0.655842 -0.725655  \n",
       "DWTIF -0.150624  0.984981  1.000000 -0.688397 -0.756521  \n",
       "OILX   0.783107 -0.655842 -0.688397  1.000000  0.978275  \n",
       "OLEM   0.733098 -0.725655 -0.756521  0.978275  1.000000  "
      ]
     },
     "execution_count": 25,
     "metadata": {},
     "output_type": "execute_result"
    }
   ],
   "source": [
    "data.corr()"
   ]
  },
  {
   "cell_type": "code",
   "execution_count": null,
   "metadata": {},
   "outputs": [],
   "source": []
  }
 ],
 "metadata": {
  "kernelspec": {
   "display_name": "Python 3",
   "language": "python",
   "name": "python3"
  },
  "language_info": {
   "codemirror_mode": {
    "name": "ipython",
    "version": 3
   },
   "file_extension": ".py",
   "mimetype": "text/x-python",
   "name": "python",
   "nbconvert_exporter": "python",
   "pygments_lexer": "ipython3",
   "version": "3.6.9"
  }
 },
 "nbformat": 4,
 "nbformat_minor": 4
}
